@fft2d_c2c_version 3
# scrambled: N1 N2 B | row: nf factors.. variants.. dif | col: nf factors.. variants.. dif | best_ns
# natural (self-contained, @nat2d-tagged -> invisible to @/#-skipping readers): @nat2d N1 N2 nat_B | row.. | col.. | nat_ns
128 128 8  2 8 16 0 0 1  3 4 4 8 0 2 2 0  24643.4
256 256 8  2 16 16 0 2 0  4 4 4 4 4 0 2 2 1 0  118836.7
512 512 8  2 32 16 0 2 0  5 4 4 4 4 2 0 2 2 2 2 0  773775.0
64 64 8  2 4 16 0 0 1  2 4 16 0 2 0  4518.6
128 64 8  2 4 16 0 0 1  2 4 32 0 2 0  10296.7
64 16 8  1 16 0 1  2 4 16 0 0 1  853.4
128 16 8  1 16 0 1  2 8 16 0 2 0  1842.6
256 16 8  1 16 0 1  2 32 8 0 0 1  4905.1
128 32 8  1 32 0 1  3 4 8 4 0 2 2 0  4897.3
512 16 8  1 16 0 1  3 8 8 8 0 2 2 0  9986.9
256 32 8  1 32 0 1  3 4 8 8 0 2 2 0  10639.8
256 64 8  2 8 8 1 0 1  3 4 16 4 0 2 2 0  22486.1
512 64 8  2 4 16 0 0 1  3 4 4 32 0 2 2 0  46875.4
@nat2d 64 16 8  1 16 0 1  1 64 0 1  871.7
@nat2d 128 16 8  1 16 0 1  3 4 8 4 0 2 2 0  2184.2
@nat2d 64 64 8  2 4 16 1 0 1  3 2 16 2 0 2 2 0  7485.2
@nat2d 256 16 8  1 16 0 1  3 4 16 4 0 2 2 0  5609.2
@nat2d 128 32 8  1 32 0 1  3 2 32 2 0 2 2 0  5746.3
@nat2d 128 64 8  1 64 0 1  3 4 8 4 0 2 2 0  11857.4
@nat2d 512 16 8  1 16 0 1  3 8 8 8 0 2 2 0  10852.0
@nat2d 256 32 8  1 32 0 1  3 4 16 4 0 2 2 0  12277.5
@nat2d 128 128 8  2 16 8 0 2 0  3 4 4 8 1 1 0 1  33479.5
@nat2d 256 64 8  2 4 16 1 0 1  3 4 16 4 0 2 2 0  33175.4
@nat2d 512 64 8  1 64 0 1  3 4 4 32 1 1 0 1  55867.2
