1024 128 2 5 4 4 4 4 4 0 2 2 2 2 181911.5
8 32 0 44.4
16 32 1 4 4 0 111.9
32 32 1 4 8 0 288.6
64 32 1 8 8 0 1169.6
128 32 1 4 32 0 2488.1
256 32 1 4 64 1 6606.6
512 32 1 8 64 1 21374.6
1024 32 2 4 4 4 8 8 0 2 2 2 32603.7
2048 32 2 4 8 4 8 8 0 2 2 2 74149.2
4096 32 2 5 4 4 4 8 8 0 2 2 2 2 209895.1
8192 32 2 5 4 4 4 4 32 0 2 2 2 2 529253.3
16384 32 2 5 4 4 4 4 64 0 2 2 2 2 1229540.0
32768 32 2 7 4 4 4 4 2 16 4 0 2 2 2 2 2 2 3679870.0
65536 32 2 7 4 4 4 4 4 4 16 0 2 2 2 2 2 2 9740020.0
131072 32 2 6 16 4 4 4 4 32 0 2 0 2 2 2 23420205.0
8 256 2 1 8 0 607.5
16 256 1 4 4 0 2058.2
32 256 2 2 4 8 0 2 4778.7
64 256 2 3 4 4 4 0 2 2 12285.7
128 256 2 3 4 4 8 0 2 2 23565.6
256 256 2 3 4 4 16 0 2 2 94527.9
512 256 2 4 4 4 4 8 0 2 2 2 158321.3
1024 256 2 5 4 4 4 4 4 0 2 2 2 2 493166.7
2048 256 2 5 4 4 4 4 8 0 2 2 2 2 952825.0
4096 256 2 4 4 4 4 64 0 2 2 2 2742180.0
8192 256 2 5 4 4 4 4 32 0 2 2 2 2 7250960.0
16384 256 2 5 4 4 4 4 64 0 2 2 2 2 16275430.0
32768 256 2 4 4 16 16 32 0 2 2 2 37452035.0
65536 256 2 5 4 4 8 16 32 0 2 2 0 2 87478040.0
128 1024 2 4 2 4 4 4 0 2 2 2 157282.0
2048 1 4 0 23222 4161.9 1 0
4096 1 4 0 222222 8428.5 1 0 1024 49152
8192 1 4 0 223222 18220.3 1 0 1024 49152
16384 1 4 0 2222222 38468.8 1 0 1024 49152
512 1 1 64 8 1 2883.0
512 1 2 2 32 16 0 0 9581.0
768 1 1 64 12 1 5020.0
768 1 2 2 64 12 0 0 14521.0
1024 1 1 64 16 1 8332.0
1024 1 2 2 32 32 0 0 24281.0
1536 1 2 3 12 16 8 0 0 0 37812.0
2048 1 1 64 32 0 23074.0
2048 1 2 2 64 32 0 0 45401.0
3072 1 2 3 32 8 12 0 0 0 67114.0
4096 1 1 64 64 0 49075.0
4096 1 2 3 32 8 16 0 0 0 90095.0
6144 1 2 3 64 16 6 0 0 0 144424.0
8192 1 1 64 128 0 183533.0
8192 1 2 5 4 8 8 8 4 0 0 0 0 0 289660.0
12288 1 2 4 32 6 16 4 0 0 0 0 351290.0
16384 1 2 4 8 4 64 8 0 0 0 0 534153.0
24576 1 2 5 8 6 8 8 8 0 0 0 0 0 861736.0
32768 1 2 5 8 8 8 8 8 0 0 0 0 0 1151506.0
32768 1 4 0 2322222 83503.1 1 0 1024 49152
1024 4 1 16 64 0 21495.0
1024 4 2 2 64 16 551 -440611891 20333.0
256 2 1 64 4 1 1642.0
256 2 2 2 16 16 0 0 4276.0
512 2 1 64 8 1 4891.0
512 2 2 2 32 16 315 -440611891 8930.0
1024 2 1 32 32 1 13375.0
1024 2 2 2 64 16 547 -440611891 17699.0
2048 2 1 32 64 1 29240.0
2048 2 2 2 64 32 592 -440611891 40276.0
4096 2 1 64 64 1 73997.0
4096 2 2 3 8 64 8 600 -440611891 32763 100583.0
8192 2 1 64 128 0 232017.0
8192 2 2 4 4 32 8 8 26 -440611303 32763 973209600 227183.0
16384 2 2 5 8 8 8 8 4 632 -440611891 32763 262224 0 617000.0
32768 2 2 6 4 4 4 32 4 4 601 -440611891 32763 524368 0 1461993408 1332628.0
256 3 1 64 4 1 2899.0
256 3 2 2 32 8 0 0 7118.0
512 3 1 64 8 1 9187.0
512 3 2 2 32 16 487 -440611891 14475.0
1024 3 1 32 32 1 24214.0
1024 3 2 3 16 8 8 726 -440611891 32763 30494.0
2048 3 1 64 32 1 54402.0
2048 3 2 3 16 16 8 492 -440611891 32763 63609.0
4096 3 1 64 64 1 145877.0
4096 3 2 3 32 8 16 712 -440611891 32763 136213.0
8192 3 1 64 128 1 408335.0
8192 3 2 5 8 8 8 4 4 726 -440611891 32763 196688 0 393946.0
16384 3 2 6 8 4 8 4 4 4 69 -440611303 32763 1764360192 546 393296 830172.0
32768 3 2 8 4 4 4 4 4 4 4 2 154 -440611303 32763 544997376 528 786512 0 0 2251162.0
256 4 1 32 8 0 2305.0
256 4 2 2 16 16 451 -440611891 3996.0
512 4 1 8 64 0 5998.0
512 4 2 2 64 8 459 -440611891 10262.0
2048 4 1 64 32 0 45962.0
2048 4 2 3 4 64 8 338 -440611891 32763 56829.0
4096 4 1 64 64 0 99845.0
4096 4 2 3 64 8 8 179 -440611303 32763 209372.0
8192 4 1 64 128 0 303223.0
8192 4 2 5 8 4 8 4 8 607 -440611891 32763 262224 0 296735.0
16384 4 2 5 4 4 4 64 4 391 -440611891 32763 524368 0 618641.0
32768 4 2 8 4 4 4 2 4 4 4 4 0 0 0 0 0 0 0 0 1833926.0
65536 1 4 0 233233 205075.0 1 0 1024 49152
131072 1 4 1 233333 498912.5 1 0 1024 49152
262144 1 4 0 2333223 1091900.0 1 1 1024 49152
131072 1 2 7 4 4 4 32 4 4 4 0 0 0 0 0 0 0 6618471.0
262144 1 2 8 4 4 4 4 4 4 16 4 0 0 0 0 0 0 0 0 16398869.0
